{
 "cells": [
  {
   "cell_type": "code",
   "execution_count": 1,
   "id": "f626c9f4",
   "metadata": {},
   "outputs": [],
   "source": [
    "import numpy as np\n",
    "import pandas as pd\n",
    "import matplotlib.pyplot as plt\n",
    "import seaborn as sns\n",
    "from sklearn.model_selection import train_test_split\n",
    "from sklearn.tree import DecisionTreeClassifier\n",
    "from sklearn.ensemble import RandomForestClassifier,RandomForestRegressor\n",
    "from sklearn.metrics import accuracy_score,classification_report,precision_score\n",
    "from sklearn.metrics import recall_score,f1_score,roc_auc_score\n",
    "from sklearn.preprocessing import LabelEncoder,OneHotEncoder,StandardScaler,MinMaxScaler\n",
    "\n",
    "\n",
    "import warnings\n",
    "warnings.filterwarnings(\"ignore\")"
   ]
  },
  {
   "cell_type": "code",
   "execution_count": 2,
   "id": "137f97b1",
   "metadata": {},
   "outputs": [],
   "source": [
    "df = pd.read_csv(r'C:\\Users\\win10\\Downloads\\archive (3)\\kidney_disease.csv')"
   ]
  },
  {
   "cell_type": "code",
   "execution_count": 3,
   "id": "524ed474",
   "metadata": {},
   "outputs": [
    {
     "data": {
      "text/html": [
       "<div>\n",
       "<style scoped>\n",
       "    .dataframe tbody tr th:only-of-type {\n",
       "        vertical-align: middle;\n",
       "    }\n",
       "\n",
       "    .dataframe tbody tr th {\n",
       "        vertical-align: top;\n",
       "    }\n",
       "\n",
       "    .dataframe thead th {\n",
       "        text-align: right;\n",
       "    }\n",
       "</style>\n",
       "<table border=\"1\" class=\"dataframe\">\n",
       "  <thead>\n",
       "    <tr style=\"text-align: right;\">\n",
       "      <th></th>\n",
       "      <th>id</th>\n",
       "      <th>age</th>\n",
       "      <th>bp</th>\n",
       "      <th>sg</th>\n",
       "      <th>al</th>\n",
       "      <th>su</th>\n",
       "      <th>rbc</th>\n",
       "      <th>pc</th>\n",
       "      <th>pcc</th>\n",
       "      <th>ba</th>\n",
       "      <th>...</th>\n",
       "      <th>pcv</th>\n",
       "      <th>wc</th>\n",
       "      <th>rc</th>\n",
       "      <th>htn</th>\n",
       "      <th>dm</th>\n",
       "      <th>cad</th>\n",
       "      <th>appet</th>\n",
       "      <th>pe</th>\n",
       "      <th>ane</th>\n",
       "      <th>classification</th>\n",
       "    </tr>\n",
       "  </thead>\n",
       "  <tbody>\n",
       "    <tr>\n",
       "      <th>0</th>\n",
       "      <td>0</td>\n",
       "      <td>48.0</td>\n",
       "      <td>80.0</td>\n",
       "      <td>1.020</td>\n",
       "      <td>1.0</td>\n",
       "      <td>0.0</td>\n",
       "      <td>NaN</td>\n",
       "      <td>normal</td>\n",
       "      <td>notpresent</td>\n",
       "      <td>notpresent</td>\n",
       "      <td>...</td>\n",
       "      <td>44</td>\n",
       "      <td>7800</td>\n",
       "      <td>5.2</td>\n",
       "      <td>yes</td>\n",
       "      <td>yes</td>\n",
       "      <td>no</td>\n",
       "      <td>good</td>\n",
       "      <td>no</td>\n",
       "      <td>no</td>\n",
       "      <td>ckd</td>\n",
       "    </tr>\n",
       "    <tr>\n",
       "      <th>1</th>\n",
       "      <td>1</td>\n",
       "      <td>7.0</td>\n",
       "      <td>50.0</td>\n",
       "      <td>1.020</td>\n",
       "      <td>4.0</td>\n",
       "      <td>0.0</td>\n",
       "      <td>NaN</td>\n",
       "      <td>normal</td>\n",
       "      <td>notpresent</td>\n",
       "      <td>notpresent</td>\n",
       "      <td>...</td>\n",
       "      <td>38</td>\n",
       "      <td>6000</td>\n",
       "      <td>NaN</td>\n",
       "      <td>no</td>\n",
       "      <td>no</td>\n",
       "      <td>no</td>\n",
       "      <td>good</td>\n",
       "      <td>no</td>\n",
       "      <td>no</td>\n",
       "      <td>ckd</td>\n",
       "    </tr>\n",
       "    <tr>\n",
       "      <th>2</th>\n",
       "      <td>2</td>\n",
       "      <td>62.0</td>\n",
       "      <td>80.0</td>\n",
       "      <td>1.010</td>\n",
       "      <td>2.0</td>\n",
       "      <td>3.0</td>\n",
       "      <td>normal</td>\n",
       "      <td>normal</td>\n",
       "      <td>notpresent</td>\n",
       "      <td>notpresent</td>\n",
       "      <td>...</td>\n",
       "      <td>31</td>\n",
       "      <td>7500</td>\n",
       "      <td>NaN</td>\n",
       "      <td>no</td>\n",
       "      <td>yes</td>\n",
       "      <td>no</td>\n",
       "      <td>poor</td>\n",
       "      <td>no</td>\n",
       "      <td>yes</td>\n",
       "      <td>ckd</td>\n",
       "    </tr>\n",
       "    <tr>\n",
       "      <th>3</th>\n",
       "      <td>3</td>\n",
       "      <td>48.0</td>\n",
       "      <td>70.0</td>\n",
       "      <td>1.005</td>\n",
       "      <td>4.0</td>\n",
       "      <td>0.0</td>\n",
       "      <td>normal</td>\n",
       "      <td>abnormal</td>\n",
       "      <td>present</td>\n",
       "      <td>notpresent</td>\n",
       "      <td>...</td>\n",
       "      <td>32</td>\n",
       "      <td>6700</td>\n",
       "      <td>3.9</td>\n",
       "      <td>yes</td>\n",
       "      <td>no</td>\n",
       "      <td>no</td>\n",
       "      <td>poor</td>\n",
       "      <td>yes</td>\n",
       "      <td>yes</td>\n",
       "      <td>ckd</td>\n",
       "    </tr>\n",
       "    <tr>\n",
       "      <th>4</th>\n",
       "      <td>4</td>\n",
       "      <td>51.0</td>\n",
       "      <td>80.0</td>\n",
       "      <td>1.010</td>\n",
       "      <td>2.0</td>\n",
       "      <td>0.0</td>\n",
       "      <td>normal</td>\n",
       "      <td>normal</td>\n",
       "      <td>notpresent</td>\n",
       "      <td>notpresent</td>\n",
       "      <td>...</td>\n",
       "      <td>35</td>\n",
       "      <td>7300</td>\n",
       "      <td>4.6</td>\n",
       "      <td>no</td>\n",
       "      <td>no</td>\n",
       "      <td>no</td>\n",
       "      <td>good</td>\n",
       "      <td>no</td>\n",
       "      <td>no</td>\n",
       "      <td>ckd</td>\n",
       "    </tr>\n",
       "    <tr>\n",
       "      <th>...</th>\n",
       "      <td>...</td>\n",
       "      <td>...</td>\n",
       "      <td>...</td>\n",
       "      <td>...</td>\n",
       "      <td>...</td>\n",
       "      <td>...</td>\n",
       "      <td>...</td>\n",
       "      <td>...</td>\n",
       "      <td>...</td>\n",
       "      <td>...</td>\n",
       "      <td>...</td>\n",
       "      <td>...</td>\n",
       "      <td>...</td>\n",
       "      <td>...</td>\n",
       "      <td>...</td>\n",
       "      <td>...</td>\n",
       "      <td>...</td>\n",
       "      <td>...</td>\n",
       "      <td>...</td>\n",
       "      <td>...</td>\n",
       "      <td>...</td>\n",
       "    </tr>\n",
       "    <tr>\n",
       "      <th>395</th>\n",
       "      <td>395</td>\n",
       "      <td>55.0</td>\n",
       "      <td>80.0</td>\n",
       "      <td>1.020</td>\n",
       "      <td>0.0</td>\n",
       "      <td>0.0</td>\n",
       "      <td>normal</td>\n",
       "      <td>normal</td>\n",
       "      <td>notpresent</td>\n",
       "      <td>notpresent</td>\n",
       "      <td>...</td>\n",
       "      <td>47</td>\n",
       "      <td>6700</td>\n",
       "      <td>4.9</td>\n",
       "      <td>no</td>\n",
       "      <td>no</td>\n",
       "      <td>no</td>\n",
       "      <td>good</td>\n",
       "      <td>no</td>\n",
       "      <td>no</td>\n",
       "      <td>notckd</td>\n",
       "    </tr>\n",
       "    <tr>\n",
       "      <th>396</th>\n",
       "      <td>396</td>\n",
       "      <td>42.0</td>\n",
       "      <td>70.0</td>\n",
       "      <td>1.025</td>\n",
       "      <td>0.0</td>\n",
       "      <td>0.0</td>\n",
       "      <td>normal</td>\n",
       "      <td>normal</td>\n",
       "      <td>notpresent</td>\n",
       "      <td>notpresent</td>\n",
       "      <td>...</td>\n",
       "      <td>54</td>\n",
       "      <td>7800</td>\n",
       "      <td>6.2</td>\n",
       "      <td>no</td>\n",
       "      <td>no</td>\n",
       "      <td>no</td>\n",
       "      <td>good</td>\n",
       "      <td>no</td>\n",
       "      <td>no</td>\n",
       "      <td>notckd</td>\n",
       "    </tr>\n",
       "    <tr>\n",
       "      <th>397</th>\n",
       "      <td>397</td>\n",
       "      <td>12.0</td>\n",
       "      <td>80.0</td>\n",
       "      <td>1.020</td>\n",
       "      <td>0.0</td>\n",
       "      <td>0.0</td>\n",
       "      <td>normal</td>\n",
       "      <td>normal</td>\n",
       "      <td>notpresent</td>\n",
       "      <td>notpresent</td>\n",
       "      <td>...</td>\n",
       "      <td>49</td>\n",
       "      <td>6600</td>\n",
       "      <td>5.4</td>\n",
       "      <td>no</td>\n",
       "      <td>no</td>\n",
       "      <td>no</td>\n",
       "      <td>good</td>\n",
       "      <td>no</td>\n",
       "      <td>no</td>\n",
       "      <td>notckd</td>\n",
       "    </tr>\n",
       "    <tr>\n",
       "      <th>398</th>\n",
       "      <td>398</td>\n",
       "      <td>17.0</td>\n",
       "      <td>60.0</td>\n",
       "      <td>1.025</td>\n",
       "      <td>0.0</td>\n",
       "      <td>0.0</td>\n",
       "      <td>normal</td>\n",
       "      <td>normal</td>\n",
       "      <td>notpresent</td>\n",
       "      <td>notpresent</td>\n",
       "      <td>...</td>\n",
       "      <td>51</td>\n",
       "      <td>7200</td>\n",
       "      <td>5.9</td>\n",
       "      <td>no</td>\n",
       "      <td>no</td>\n",
       "      <td>no</td>\n",
       "      <td>good</td>\n",
       "      <td>no</td>\n",
       "      <td>no</td>\n",
       "      <td>notckd</td>\n",
       "    </tr>\n",
       "    <tr>\n",
       "      <th>399</th>\n",
       "      <td>399</td>\n",
       "      <td>58.0</td>\n",
       "      <td>80.0</td>\n",
       "      <td>1.025</td>\n",
       "      <td>0.0</td>\n",
       "      <td>0.0</td>\n",
       "      <td>normal</td>\n",
       "      <td>normal</td>\n",
       "      <td>notpresent</td>\n",
       "      <td>notpresent</td>\n",
       "      <td>...</td>\n",
       "      <td>53</td>\n",
       "      <td>6800</td>\n",
       "      <td>6.1</td>\n",
       "      <td>no</td>\n",
       "      <td>no</td>\n",
       "      <td>no</td>\n",
       "      <td>good</td>\n",
       "      <td>no</td>\n",
       "      <td>no</td>\n",
       "      <td>notckd</td>\n",
       "    </tr>\n",
       "  </tbody>\n",
       "</table>\n",
       "<p>400 rows × 26 columns</p>\n",
       "</div>"
      ],
      "text/plain": [
       "      id   age    bp     sg   al   su     rbc        pc         pcc  \\\n",
       "0      0  48.0  80.0  1.020  1.0  0.0     NaN    normal  notpresent   \n",
       "1      1   7.0  50.0  1.020  4.0  0.0     NaN    normal  notpresent   \n",
       "2      2  62.0  80.0  1.010  2.0  3.0  normal    normal  notpresent   \n",
       "3      3  48.0  70.0  1.005  4.0  0.0  normal  abnormal     present   \n",
       "4      4  51.0  80.0  1.010  2.0  0.0  normal    normal  notpresent   \n",
       "..   ...   ...   ...    ...  ...  ...     ...       ...         ...   \n",
       "395  395  55.0  80.0  1.020  0.0  0.0  normal    normal  notpresent   \n",
       "396  396  42.0  70.0  1.025  0.0  0.0  normal    normal  notpresent   \n",
       "397  397  12.0  80.0  1.020  0.0  0.0  normal    normal  notpresent   \n",
       "398  398  17.0  60.0  1.025  0.0  0.0  normal    normal  notpresent   \n",
       "399  399  58.0  80.0  1.025  0.0  0.0  normal    normal  notpresent   \n",
       "\n",
       "             ba  ...  pcv    wc   rc  htn   dm  cad appet   pe  ane  \\\n",
       "0    notpresent  ...   44  7800  5.2  yes  yes   no  good   no   no   \n",
       "1    notpresent  ...   38  6000  NaN   no   no   no  good   no   no   \n",
       "2    notpresent  ...   31  7500  NaN   no  yes   no  poor   no  yes   \n",
       "3    notpresent  ...   32  6700  3.9  yes   no   no  poor  yes  yes   \n",
       "4    notpresent  ...   35  7300  4.6   no   no   no  good   no   no   \n",
       "..          ...  ...  ...   ...  ...  ...  ...  ...   ...  ...  ...   \n",
       "395  notpresent  ...   47  6700  4.9   no   no   no  good   no   no   \n",
       "396  notpresent  ...   54  7800  6.2   no   no   no  good   no   no   \n",
       "397  notpresent  ...   49  6600  5.4   no   no   no  good   no   no   \n",
       "398  notpresent  ...   51  7200  5.9   no   no   no  good   no   no   \n",
       "399  notpresent  ...   53  6800  6.1   no   no   no  good   no   no   \n",
       "\n",
       "    classification  \n",
       "0              ckd  \n",
       "1              ckd  \n",
       "2              ckd  \n",
       "3              ckd  \n",
       "4              ckd  \n",
       "..             ...  \n",
       "395         notckd  \n",
       "396         notckd  \n",
       "397         notckd  \n",
       "398         notckd  \n",
       "399         notckd  \n",
       "\n",
       "[400 rows x 26 columns]"
      ]
     },
     "execution_count": 3,
     "metadata": {},
     "output_type": "execute_result"
    }
   ],
   "source": [
    "df"
   ]
  },
  {
   "cell_type": "code",
   "execution_count": 4,
   "id": "e6dec238",
   "metadata": {},
   "outputs": [
    {
     "name": "stdout",
     "output_type": "stream",
     "text": [
      "<class 'pandas.core.frame.DataFrame'>\n",
      "RangeIndex: 400 entries, 0 to 399\n",
      "Data columns (total 26 columns):\n",
      " #   Column          Non-Null Count  Dtype  \n",
      "---  ------          --------------  -----  \n",
      " 0   id              400 non-null    int64  \n",
      " 1   age             391 non-null    float64\n",
      " 2   bp              388 non-null    float64\n",
      " 3   sg              353 non-null    float64\n",
      " 4   al              354 non-null    float64\n",
      " 5   su              351 non-null    float64\n",
      " 6   rbc             248 non-null    object \n",
      " 7   pc              335 non-null    object \n",
      " 8   pcc             396 non-null    object \n",
      " 9   ba              396 non-null    object \n",
      " 10  bgr             356 non-null    float64\n",
      " 11  bu              381 non-null    float64\n",
      " 12  sc              383 non-null    float64\n",
      " 13  sod             313 non-null    float64\n",
      " 14  pot             312 non-null    float64\n",
      " 15  hemo            348 non-null    float64\n",
      " 16  pcv             330 non-null    object \n",
      " 17  wc              295 non-null    object \n",
      " 18  rc              270 non-null    object \n",
      " 19  htn             398 non-null    object \n",
      " 20  dm              398 non-null    object \n",
      " 21  cad             398 non-null    object \n",
      " 22  appet           399 non-null    object \n",
      " 23  pe              399 non-null    object \n",
      " 24  ane             399 non-null    object \n",
      " 25  classification  400 non-null    object \n",
      "dtypes: float64(11), int64(1), object(14)\n",
      "memory usage: 81.4+ KB\n"
     ]
    }
   ],
   "source": [
    "df.info()"
   ]
  },
  {
   "cell_type": "code",
   "execution_count": 5,
   "id": "8c7849ae",
   "metadata": {},
   "outputs": [
    {
     "data": {
      "text/html": [
       "<div>\n",
       "<style scoped>\n",
       "    .dataframe tbody tr th:only-of-type {\n",
       "        vertical-align: middle;\n",
       "    }\n",
       "\n",
       "    .dataframe tbody tr th {\n",
       "        vertical-align: top;\n",
       "    }\n",
       "\n",
       "    .dataframe thead th {\n",
       "        text-align: right;\n",
       "    }\n",
       "</style>\n",
       "<table border=\"1\" class=\"dataframe\">\n",
       "  <thead>\n",
       "    <tr style=\"text-align: right;\">\n",
       "      <th></th>\n",
       "      <th>id</th>\n",
       "      <th>age</th>\n",
       "      <th>bp</th>\n",
       "      <th>sg</th>\n",
       "      <th>al</th>\n",
       "      <th>su</th>\n",
       "      <th>bgr</th>\n",
       "      <th>bu</th>\n",
       "      <th>sc</th>\n",
       "      <th>sod</th>\n",
       "      <th>pot</th>\n",
       "      <th>hemo</th>\n",
       "    </tr>\n",
       "  </thead>\n",
       "  <tbody>\n",
       "    <tr>\n",
       "      <th>count</th>\n",
       "      <td>400.000000</td>\n",
       "      <td>391.000000</td>\n",
       "      <td>388.000000</td>\n",
       "      <td>353.000000</td>\n",
       "      <td>354.000000</td>\n",
       "      <td>351.000000</td>\n",
       "      <td>356.000000</td>\n",
       "      <td>381.000000</td>\n",
       "      <td>383.000000</td>\n",
       "      <td>313.000000</td>\n",
       "      <td>312.000000</td>\n",
       "      <td>348.000000</td>\n",
       "    </tr>\n",
       "    <tr>\n",
       "      <th>mean</th>\n",
       "      <td>199.500000</td>\n",
       "      <td>51.483376</td>\n",
       "      <td>76.469072</td>\n",
       "      <td>1.017408</td>\n",
       "      <td>1.016949</td>\n",
       "      <td>0.450142</td>\n",
       "      <td>148.036517</td>\n",
       "      <td>57.425722</td>\n",
       "      <td>3.072454</td>\n",
       "      <td>137.528754</td>\n",
       "      <td>4.627244</td>\n",
       "      <td>12.526437</td>\n",
       "    </tr>\n",
       "    <tr>\n",
       "      <th>std</th>\n",
       "      <td>115.614301</td>\n",
       "      <td>17.169714</td>\n",
       "      <td>13.683637</td>\n",
       "      <td>0.005717</td>\n",
       "      <td>1.352679</td>\n",
       "      <td>1.099191</td>\n",
       "      <td>79.281714</td>\n",
       "      <td>50.503006</td>\n",
       "      <td>5.741126</td>\n",
       "      <td>10.408752</td>\n",
       "      <td>3.193904</td>\n",
       "      <td>2.912587</td>\n",
       "    </tr>\n",
       "    <tr>\n",
       "      <th>min</th>\n",
       "      <td>0.000000</td>\n",
       "      <td>2.000000</td>\n",
       "      <td>50.000000</td>\n",
       "      <td>1.005000</td>\n",
       "      <td>0.000000</td>\n",
       "      <td>0.000000</td>\n",
       "      <td>22.000000</td>\n",
       "      <td>1.500000</td>\n",
       "      <td>0.400000</td>\n",
       "      <td>4.500000</td>\n",
       "      <td>2.500000</td>\n",
       "      <td>3.100000</td>\n",
       "    </tr>\n",
       "    <tr>\n",
       "      <th>25%</th>\n",
       "      <td>99.750000</td>\n",
       "      <td>42.000000</td>\n",
       "      <td>70.000000</td>\n",
       "      <td>1.010000</td>\n",
       "      <td>0.000000</td>\n",
       "      <td>0.000000</td>\n",
       "      <td>99.000000</td>\n",
       "      <td>27.000000</td>\n",
       "      <td>0.900000</td>\n",
       "      <td>135.000000</td>\n",
       "      <td>3.800000</td>\n",
       "      <td>10.300000</td>\n",
       "    </tr>\n",
       "    <tr>\n",
       "      <th>50%</th>\n",
       "      <td>199.500000</td>\n",
       "      <td>55.000000</td>\n",
       "      <td>80.000000</td>\n",
       "      <td>1.020000</td>\n",
       "      <td>0.000000</td>\n",
       "      <td>0.000000</td>\n",
       "      <td>121.000000</td>\n",
       "      <td>42.000000</td>\n",
       "      <td>1.300000</td>\n",
       "      <td>138.000000</td>\n",
       "      <td>4.400000</td>\n",
       "      <td>12.650000</td>\n",
       "    </tr>\n",
       "    <tr>\n",
       "      <th>75%</th>\n",
       "      <td>299.250000</td>\n",
       "      <td>64.500000</td>\n",
       "      <td>80.000000</td>\n",
       "      <td>1.020000</td>\n",
       "      <td>2.000000</td>\n",
       "      <td>0.000000</td>\n",
       "      <td>163.000000</td>\n",
       "      <td>66.000000</td>\n",
       "      <td>2.800000</td>\n",
       "      <td>142.000000</td>\n",
       "      <td>4.900000</td>\n",
       "      <td>15.000000</td>\n",
       "    </tr>\n",
       "    <tr>\n",
       "      <th>max</th>\n",
       "      <td>399.000000</td>\n",
       "      <td>90.000000</td>\n",
       "      <td>180.000000</td>\n",
       "      <td>1.025000</td>\n",
       "      <td>5.000000</td>\n",
       "      <td>5.000000</td>\n",
       "      <td>490.000000</td>\n",
       "      <td>391.000000</td>\n",
       "      <td>76.000000</td>\n",
       "      <td>163.000000</td>\n",
       "      <td>47.000000</td>\n",
       "      <td>17.800000</td>\n",
       "    </tr>\n",
       "  </tbody>\n",
       "</table>\n",
       "</div>"
      ],
      "text/plain": [
       "               id         age          bp          sg          al          su  \\\n",
       "count  400.000000  391.000000  388.000000  353.000000  354.000000  351.000000   \n",
       "mean   199.500000   51.483376   76.469072    1.017408    1.016949    0.450142   \n",
       "std    115.614301   17.169714   13.683637    0.005717    1.352679    1.099191   \n",
       "min      0.000000    2.000000   50.000000    1.005000    0.000000    0.000000   \n",
       "25%     99.750000   42.000000   70.000000    1.010000    0.000000    0.000000   \n",
       "50%    199.500000   55.000000   80.000000    1.020000    0.000000    0.000000   \n",
       "75%    299.250000   64.500000   80.000000    1.020000    2.000000    0.000000   \n",
       "max    399.000000   90.000000  180.000000    1.025000    5.000000    5.000000   \n",
       "\n",
       "              bgr          bu          sc         sod         pot        hemo  \n",
       "count  356.000000  381.000000  383.000000  313.000000  312.000000  348.000000  \n",
       "mean   148.036517   57.425722    3.072454  137.528754    4.627244   12.526437  \n",
       "std     79.281714   50.503006    5.741126   10.408752    3.193904    2.912587  \n",
       "min     22.000000    1.500000    0.400000    4.500000    2.500000    3.100000  \n",
       "25%     99.000000   27.000000    0.900000  135.000000    3.800000   10.300000  \n",
       "50%    121.000000   42.000000    1.300000  138.000000    4.400000   12.650000  \n",
       "75%    163.000000   66.000000    2.800000  142.000000    4.900000   15.000000  \n",
       "max    490.000000  391.000000   76.000000  163.000000   47.000000   17.800000  "
      ]
     },
     "execution_count": 5,
     "metadata": {},
     "output_type": "execute_result"
    }
   ],
   "source": [
    "df.describe()"
   ]
  },
  {
   "cell_type": "code",
   "execution_count": 6,
   "id": "119089c1",
   "metadata": {},
   "outputs": [
    {
     "data": {
      "text/plain": [
       "id                  0\n",
       "age                 9\n",
       "bp                 12\n",
       "sg                 47\n",
       "al                 46\n",
       "su                 49\n",
       "rbc               152\n",
       "pc                 65\n",
       "pcc                 4\n",
       "ba                  4\n",
       "bgr                44\n",
       "bu                 19\n",
       "sc                 17\n",
       "sod                87\n",
       "pot                88\n",
       "hemo               52\n",
       "pcv                70\n",
       "wc                105\n",
       "rc                130\n",
       "htn                 2\n",
       "dm                  2\n",
       "cad                 2\n",
       "appet               1\n",
       "pe                  1\n",
       "ane                 1\n",
       "classification      0\n",
       "dtype: int64"
      ]
     },
     "execution_count": 6,
     "metadata": {},
     "output_type": "execute_result"
    }
   ],
   "source": [
    "df.isnull().sum()"
   ]
  },
  {
   "cell_type": "code",
   "execution_count": 7,
   "id": "1d7c60d7",
   "metadata": {},
   "outputs": [],
   "source": [
    "mean_value1 =df['age'].mean()\n",
    "mean_value2 =df['bp'].mean()\n",
    "mean_value3 =df['sg'].mean()\n",
    "mean_value4 =df['al'].mean()\n",
    "mean_value5 =df['su'].mean()\n",
    "mean_value6 =df['bgr'].mean()\n",
    "mean_value7 =df['bu'].mean()\n",
    "mean_value8 =df['sc'].mean()\n",
    "mean_value9 =df['sod'].mean()\n",
    "mean_value10 =df['pot'].mean()\n",
    "mean_value11=df['hemo'].mean()"
   ]
  },
  {
   "cell_type": "code",
   "execution_count": 8,
   "id": "a4fcdc3a",
   "metadata": {},
   "outputs": [],
   "source": [
    "df['age'].fillna(mean_value1,inplace=True)\n",
    "df['bp'].fillna(mean_value2,inplace=True)\n",
    "df['sg'].fillna(mean_value3,inplace=True)\n",
    "df['al'].fillna(mean_value4,inplace=True)\n",
    "df['su'].fillna(mean_value5,inplace=True)\n",
    "df['bgr'].fillna(mean_value6,inplace=True)\n",
    "df['bu'].fillna(mean_value7,inplace=True)\n",
    "df['sc'].fillna(mean_value8,inplace=True)\n",
    "df['sod'].fillna(mean_value9,inplace=True)\n",
    "df['pot'].fillna(mean_value10,inplace=True)\n",
    "df['hemo'].fillna(mean_value11,inplace=True)\n"
   ]
  },
  {
   "cell_type": "code",
   "execution_count": 9,
   "id": "fcdcc33c",
   "metadata": {},
   "outputs": [
    {
     "data": {
      "text/plain": [
       "id                  0\n",
       "age                 0\n",
       "bp                  0\n",
       "sg                  0\n",
       "al                  0\n",
       "su                  0\n",
       "rbc               152\n",
       "pc                 65\n",
       "pcc                 4\n",
       "ba                  4\n",
       "bgr                 0\n",
       "bu                  0\n",
       "sc                  0\n",
       "sod                 0\n",
       "pot                 0\n",
       "hemo                0\n",
       "pcv                70\n",
       "wc                105\n",
       "rc                130\n",
       "htn                 2\n",
       "dm                  2\n",
       "cad                 2\n",
       "appet               1\n",
       "pe                  1\n",
       "ane                 1\n",
       "classification      0\n",
       "dtype: int64"
      ]
     },
     "execution_count": 9,
     "metadata": {},
     "output_type": "execute_result"
    }
   ],
   "source": [
    "df.isnull().sum()"
   ]
  },
  {
   "cell_type": "code",
   "execution_count": 10,
   "id": "b7db8050",
   "metadata": {},
   "outputs": [],
   "source": [
    "mode_value =df['rbc'].mode()[0]\n",
    "mode_value1 =df['pc'].mode()[0]\n",
    "mode_value2 =df['pcc'].mode()[0]\n",
    "mode_value3 =df['ba'].mode()[0]\n",
    "mode_value4 =df['pcv'].mode()[0]\n",
    "mode_value5 =df['wc'].mode()[0]\n",
    "mode_value6 =df['rc'].mode()[0]\n",
    "mode_value7 =df['htn'].mode()[0]\n",
    "mode_value8 =df['dm'].mode()[0]\n",
    "mode_value9 =df['cad'].mode()[0]\n",
    "mode_value10 =df['appet'].mode()[0]\n",
    "mode_value11 =df['pe'].mode()[0]\n",
    "mode_value12 =df['ane'].mode()[0]\n"
   ]
  },
  {
   "cell_type": "code",
   "execution_count": 11,
   "id": "eb5c2fcc",
   "metadata": {},
   "outputs": [],
   "source": [
    "df['rbc'].fillna(mode_value,inplace=True)\n",
    "df['pc'].fillna(mode_value1,inplace=True)\n",
    "df['pcc'].fillna(mode_value2,inplace=True)\n",
    "df['ba'].fillna(mode_value3,inplace=True)\n",
    "df['pcv'].fillna(mode_value4,inplace=True)\n",
    "df['wc'].fillna(mode_value5,inplace=True)\n",
    "df['rc'].fillna(mode_value6,inplace=True)\n",
    "df['htn'].fillna(mode_value7,inplace=True)\n",
    "df['dm'].fillna(mode_value8,inplace=True)\n",
    "df['cad'].fillna(mode_value9,inplace=True)\n",
    "df['appet'].fillna(mode_value10,inplace=True)\n",
    "df['pe'].fillna(mode_value11,inplace=True)\n",
    "df['ane'].fillna(mode_value12,inplace=True)\n"
   ]
  },
  {
   "cell_type": "code",
   "execution_count": 12,
   "id": "a7e62129",
   "metadata": {},
   "outputs": [
    {
     "data": {
      "text/plain": [
       "id                0\n",
       "age               0\n",
       "bp                0\n",
       "sg                0\n",
       "al                0\n",
       "su                0\n",
       "rbc               0\n",
       "pc                0\n",
       "pcc               0\n",
       "ba                0\n",
       "bgr               0\n",
       "bu                0\n",
       "sc                0\n",
       "sod               0\n",
       "pot               0\n",
       "hemo              0\n",
       "pcv               0\n",
       "wc                0\n",
       "rc                0\n",
       "htn               0\n",
       "dm                0\n",
       "cad               0\n",
       "appet             0\n",
       "pe                0\n",
       "ane               0\n",
       "classification    0\n",
       "dtype: int64"
      ]
     },
     "execution_count": 12,
     "metadata": {},
     "output_type": "execute_result"
    }
   ],
   "source": [
    "df.isnull().sum()"
   ]
  },
  {
   "cell_type": "code",
   "execution_count": 13,
   "id": "d720f448",
   "metadata": {},
   "outputs": [
    {
     "data": {
      "text/plain": [
       "id                400\n",
       "age                77\n",
       "bp                 11\n",
       "sg                  6\n",
       "al                  7\n",
       "su                  7\n",
       "rbc                 2\n",
       "pc                  2\n",
       "pcc                 2\n",
       "ba                  2\n",
       "bgr               147\n",
       "bu                119\n",
       "sc                 85\n",
       "sod                35\n",
       "pot                41\n",
       "hemo              116\n",
       "pcv                44\n",
       "wc                 92\n",
       "rc                 49\n",
       "htn                 2\n",
       "dm                  5\n",
       "cad                 3\n",
       "appet               2\n",
       "pe                  2\n",
       "ane                 2\n",
       "classification      3\n",
       "dtype: int64"
      ]
     },
     "execution_count": 13,
     "metadata": {},
     "output_type": "execute_result"
    }
   ],
   "source": [
    "df.nunique()"
   ]
  },
  {
   "cell_type": "code",
   "execution_count": 14,
   "id": "32600c5d",
   "metadata": {},
   "outputs": [
    {
     "name": "stdout",
     "output_type": "stream",
     "text": [
      "Q2: 24.5\n",
      "Q3: 137.52875399361022\n",
      "Q1: 2.0\n",
      "IQR: 135.52875399361022\n"
     ]
    }
   ],
   "source": [
    "Q3=np.percentile(df.describe(),75)\n",
    "Q1=np.percentile(df.describe(),25)\n",
    "Q2=np.percentile(df.describe(),50)\n",
    "\n",
    "\n",
    "IQR=Q3-Q1\n",
    "print('Q2:',Q2)\n",
    "print('Q3:',Q3)\n",
    "print('Q1:',Q1)\n",
    "print('IQR:',IQR)"
   ]
  },
  {
   "cell_type": "code",
   "execution_count": 15,
   "id": "a5bab134",
   "metadata": {},
   "outputs": [],
   "source": [
    "lower = Q1 - 1.5*IQR\n",
    "upper = Q3 + 1.5*IQR"
   ]
  },
  {
   "cell_type": "code",
   "execution_count": 16,
   "id": "4fbc630e",
   "metadata": {},
   "outputs": [
    {
     "name": "stdout",
     "output_type": "stream",
     "text": [
      "New Shape: (396, 26)\n"
     ]
    }
   ],
   "source": [
    "upper_bound = df.describe().loc['75%'] + 1.5 * (df.describe().loc['75%'] - df.describe().loc['25%'])\n",
    "lower_bound = df.describe().loc['25%'] - 1.5 * (df.describe().loc['75%'] - df.describe().loc['25%'])\n",
    "\n",
    "# Find rows where any of the values exceed the upper bound or fall below the lower bound\n",
    "upper_array = np.where(df.describe() > upper_bound)[0]\n",
    "lower_array = np.where(df.describe() < lower_bound)[0]\n",
    "\n",
    "# Drop rows based on indices\n",
    "df.drop(index=df.index[upper_array], inplace=True)\n",
    "df.drop(index=df.index[lower_array], inplace=True)\n",
    "\n",
    "print(\"New Shape:\", df.shape)"
   ]
  },
  {
   "cell_type": "code",
   "execution_count": 17,
   "id": "4773e996",
   "metadata": {},
   "outputs": [
    {
     "name": "stdout",
     "output_type": "stream",
     "text": [
      "skewness: [0.03842403 2.06206944 1.6901001  2.26775769 2.26714599 2.26713895\n",
      " 1.0029202  1.1050499  2.12488614 1.04111138 2.21596963 2.26101146]\n"
     ]
    }
   ],
   "source": [
    "from scipy import stats\n",
    "skew=stats.skew(df.describe())\n",
    "print('skewness:',skew)"
   ]
  },
  {
   "cell_type": "code",
   "execution_count": 18,
   "id": "96a75474",
   "metadata": {},
   "outputs": [],
   "source": [
    "log_transformed_data = np.log(skew)"
   ]
  },
  {
   "cell_type": "code",
   "execution_count": 19,
   "id": "0970497b",
   "metadata": {},
   "outputs": [
    {
     "name": "stdout",
     "output_type": "stream",
     "text": [
      "skewness: [-3.25907230e+00  7.23710062e-01  5.24787755e-01  8.18791542e-01\n",
      "  8.18521768e-01  8.18518662e-01  2.91594748e-03  9.98904930e-02\n",
      "  7.53718219e-01  4.02887812e-02  7.95690066e-01  8.15812263e-01]\n"
     ]
    }
   ],
   "source": [
    "print('skewness:',log_transformed_data)"
   ]
  },
  {
   "cell_type": "code",
   "execution_count": 20,
   "id": "bf4ef7c0",
   "metadata": {},
   "outputs": [],
   "source": [
    "corre=stats.spearmanr(df.describe())"
   ]
  },
  {
   "cell_type": "code",
   "execution_count": 21,
   "id": "2a0db3d9",
   "metadata": {},
   "outputs": [
    {
     "data": {
      "text/plain": [
       "SignificanceResult(statistic=array([[1.        , 0.95238095, 0.9047619 , 0.88095238, 0.80511756,\n",
       "        0.73192505, 0.95238095, 0.9047619 , 0.76190476, 0.92857143,\n",
       "        0.92857143, 0.9047619 ],\n",
       "       [0.95238095, 1.        , 0.97619048, 0.95238095, 0.75632256,\n",
       "        0.65873255, 0.95238095, 0.88095238, 0.69047619, 0.97619048,\n",
       "        0.97619048, 0.97619048],\n",
       "       [0.9047619 , 0.97619048, 1.        , 0.97619048, 0.68313005,\n",
       "        0.56114254, 0.92857143, 0.80952381, 0.57142857, 0.95238095,\n",
       "        0.95238095, 1.        ],\n",
       "       [0.88095238, 0.95238095, 0.97619048, 1.        , 0.73192505,\n",
       "        0.60993755, 0.95238095, 0.85714286, 0.61904762, 0.97619048,\n",
       "        0.97619048, 0.97619048],\n",
       "       [0.80511756, 0.75632256, 0.68313005, 0.73192505, 1.        ,\n",
       "        0.975     , 0.78072006, 0.95150257, 0.90270757, 0.80511756,\n",
       "        0.80511756, 0.68313005],\n",
       "       [0.73192505, 0.65873255, 0.56114254, 0.60993755, 0.975     ,\n",
       "        1.        , 0.68313005, 0.90270757, 0.95150257, 0.70752755,\n",
       "        0.70752755, 0.56114254],\n",
       "       [0.95238095, 0.95238095, 0.92857143, 0.95238095, 0.78072006,\n",
       "        0.68313005, 1.        , 0.9047619 , 0.71428571, 0.97619048,\n",
       "        0.97619048, 0.92857143],\n",
       "       [0.9047619 , 0.88095238, 0.80952381, 0.85714286, 0.95150257,\n",
       "        0.90270757, 0.9047619 , 1.        , 0.9047619 , 0.92857143,\n",
       "        0.92857143, 0.80952381],\n",
       "       [0.76190476, 0.69047619, 0.57142857, 0.61904762, 0.90270757,\n",
       "        0.95150257, 0.71428571, 0.9047619 , 1.        , 0.73809524,\n",
       "        0.73809524, 0.57142857],\n",
       "       [0.92857143, 0.97619048, 0.95238095, 0.97619048, 0.80511756,\n",
       "        0.70752755, 0.97619048, 0.92857143, 0.73809524, 1.        ,\n",
       "        1.        , 0.95238095],\n",
       "       [0.92857143, 0.97619048, 0.95238095, 0.97619048, 0.80511756,\n",
       "        0.70752755, 0.97619048, 0.92857143, 0.73809524, 1.        ,\n",
       "        1.        , 0.95238095],\n",
       "       [0.9047619 , 0.97619048, 1.        , 0.97619048, 0.68313005,\n",
       "        0.56114254, 0.92857143, 0.80952381, 0.57142857, 0.95238095,\n",
       "        0.95238095, 1.        ]]), pvalue=array([[0.00000000e+00, 2.60400024e-04, 2.00827551e-03, 3.85032046e-03,\n",
       "        1.59045623e-02, 3.89982740e-02, 2.60400024e-04, 2.00827551e-03,\n",
       "        2.80049392e-02, 8.62968183e-04, 8.62968183e-04, 2.00827551e-03],\n",
       "       [2.60400024e-04, 0.00000000e+00, 3.31439603e-05, 2.60400024e-04,\n",
       "        2.98843788e-02, 7.56667915e-02, 2.60400024e-04, 3.85032046e-03,\n",
       "        5.79903182e-02, 3.31439603e-05, 3.31439603e-05, 3.31439603e-05],\n",
       "       [2.00827551e-03, 3.31439603e-05, 0.00000000e+00, 3.31439603e-05,\n",
       "        6.18347299e-02, 1.47860122e-01, 8.62968183e-04, 1.49026677e-02,\n",
       "        1.38959957e-01, 2.60400024e-04, 2.60400024e-04, 0.00000000e+00],\n",
       "       [3.85032046e-03, 2.60400024e-04, 3.31439603e-05, 0.00000000e+00,\n",
       "        3.89982740e-02, 1.08350063e-01, 2.60400024e-04, 6.53001725e-03,\n",
       "        1.01733037e-01, 3.31439603e-05, 3.31439603e-05, 3.31439603e-05],\n",
       "       [1.59045623e-02, 2.98843788e-02, 6.18347299e-02, 3.89982740e-02,\n",
       "        0.00000000e+00, 3.83337402e-05, 2.22145147e-02, 2.74893236e-04,\n",
       "        2.13764691e-03, 1.59045623e-02, 1.59045623e-02, 6.18347299e-02],\n",
       "       [3.89982740e-02, 7.56667915e-02, 1.47860122e-01, 1.08350063e-01,\n",
       "        3.83337402e-05, 0.00000000e+00, 6.18347299e-02, 2.13764691e-03,\n",
       "        2.74893236e-04, 4.96282607e-02, 4.96282607e-02, 1.47860122e-01],\n",
       "       [2.60400024e-04, 2.60400024e-04, 8.62968183e-04, 2.60400024e-04,\n",
       "        2.22145147e-02, 6.18347299e-02, 0.00000000e+00, 2.00827551e-03,\n",
       "        4.65282323e-02, 3.31439603e-05, 3.31439603e-05, 8.62968183e-04],\n",
       "       [2.00827551e-03, 3.85032046e-03, 1.49026677e-02, 6.53001725e-03,\n",
       "        2.74893236e-04, 2.13764691e-03, 2.00827551e-03, 0.00000000e+00,\n",
       "        2.00827551e-03, 8.62968183e-04, 8.62968183e-04, 1.49026677e-02],\n",
       "       [2.80049392e-02, 5.79903182e-02, 1.38959957e-01, 1.01733037e-01,\n",
       "        2.13764691e-03, 2.74893236e-04, 4.65282323e-02, 2.00827551e-03,\n",
       "        0.00000000e+00, 3.65527611e-02, 3.65527611e-02, 1.38959957e-01],\n",
       "       [8.62968183e-04, 3.31439603e-05, 2.60400024e-04, 3.31439603e-05,\n",
       "        1.59045623e-02, 4.96282607e-02, 3.31439603e-05, 8.62968183e-04,\n",
       "        3.65527611e-02, 0.00000000e+00, 0.00000000e+00, 2.60400024e-04],\n",
       "       [8.62968183e-04, 3.31439603e-05, 2.60400024e-04, 3.31439603e-05,\n",
       "        1.59045623e-02, 4.96282607e-02, 3.31439603e-05, 8.62968183e-04,\n",
       "        3.65527611e-02, 0.00000000e+00, 0.00000000e+00, 2.60400024e-04],\n",
       "       [2.00827551e-03, 3.31439603e-05, 0.00000000e+00, 3.31439603e-05,\n",
       "        6.18347299e-02, 1.47860122e-01, 8.62968183e-04, 1.49026677e-02,\n",
       "        1.38959957e-01, 2.60400024e-04, 2.60400024e-04, 0.00000000e+00]]))"
      ]
     },
     "execution_count": 21,
     "metadata": {},
     "output_type": "execute_result"
    }
   ],
   "source": [
    "corre"
   ]
  },
  {
   "cell_type": "code",
   "execution_count": 22,
   "id": "f3cca910",
   "metadata": {},
   "outputs": [],
   "source": [
    "corre  = df.describe().values.reshape((2, -1))"
   ]
  },
  {
   "cell_type": "code",
   "execution_count": 23,
   "id": "232aa8e2",
   "metadata": {},
   "outputs": [
    {
     "data": {
